"ipd"<-
structure(.Data = c(0.53710000000000002, 0.52980000000000005, 
	0.54690000000000005, 0.53469999999999995, 0.52739999999999998, 
	0.50780000000000003, 0.55179999999999996, 0.53220000000000001, 
	0.54690000000000005, 0.53959999999999997, 0.52739999999999998, 
	0.51270000000000004, 0.50290000000000001, 0.50290000000000001, 
	0.50290000000000001, 0.51270000000000004, 0.52739999999999998, 
	0.52980000000000005, 0.54200000000000004, 0.54690000000000005, 
	0.55910000000000004, 0.54449999999999998, 0.52490000000000003, 
	0.51270000000000004, 0.50539999999999996, 0.4834, 0.47610000000000002, 
	0.4834, 0.49070000000000003, 0.45900000000000002, 0.46139999999999998, 
	0.45900000000000002, 0.46879999999999999, 0.49559999999999998, 
	0.49320000000000003, 0.49070000000000003, 0.50780000000000003, 
	0.49809999999999999, 0.52739999999999998, 0.51270000000000004, 
	0.52000000000000002, 0.52249999999999996, 0.54200000000000004, 
	0.53710000000000002, 0.51270000000000004, 0.51759999999999995, 
	0.53220000000000001, 0.50539999999999996, 0.51029999999999998, 0.4834, 
	0.50290000000000001, 0.48830000000000001, 0.4859, 0.46879999999999999, 
	0.48830000000000001, 0.47120000000000001, 0.46139999999999998, 
	0.45169999999999999, 0.43459999999999999, 0.4224, 0.437, 
	0.41020000000000001, 0.42730000000000001, 0.4224, 0.45660000000000001, 
	0.49559999999999998, 0.52739999999999998, 0.52980000000000005, 
	0.55179999999999996, 0.55669999999999997, 0.55420000000000003, 
	0.56889999999999996, 0.58109999999999995, 0.58350000000000002, 
	0.58350000000000002, 0.60550000000000004, 0.59079999999999999, 
	0.55420000000000003, 0.50780000000000003, 0.54449999999999998, 
	0.59570000000000001, 0.61040000000000005, 0.6421, 0.63719999999999999, 
	0.61770000000000003, 0.60550000000000004, 0.6079, 0.58599999999999997, 
	0.56640000000000001, 0.54930000000000001, 0.54200000000000004, 
	0.51519999999999999, 0.52000000000000002, 0.4859, 0.4859, 
	0.51029999999999998, 0.50539999999999996, 0.48830000000000001, 
	0.51270000000000004, 0.49809999999999999, 0.51270000000000004, 
	0.50539999999999996, 0.51029999999999998, 0.49070000000000003, 
	0.47849999999999998, 0.46389999999999998, 0.44679999999999997, 
	0.45169999999999999, 0.44679999999999997, 0.45660000000000001, 
	0.47120000000000001, 0.46139999999999998, 0.46879999999999999, 0.4859, 
	0.50049999999999994, 0.47849999999999998, 0.4859, 0.4834, 0.4541, 
	0.46389999999999998, 0.437, 0.4395, 0.4395, 0.41510000000000002, 
	0.41260000000000002, 0.40279999999999999, 0.43459999999999999, 
	0.41510000000000002, 0.4395, 0.41510000000000002, 0.4224, 
	0.41749999999999998, 0.42730000000000001, 0.437, 0.44429999999999997, 
	0.41749999999999998, 0.41510000000000002, 0.42730000000000001, 
	0.42730000000000001, 0.42730000000000001, 0.41749999999999998, 
	0.43459999999999999, 0.4541, 0.44429999999999997, 0.44679999999999997, 
	0.4395, 0.44919999999999999, 0.43459999999999999, 0.44190000000000002, 
	0.49070000000000003, 0.48099999999999998, 0.48830000000000001, 
	0.51759999999999995, 0.53959999999999997, 0.57369999999999999, 
	0.59330000000000005, 0.60299999999999998, 0.63719999999999999, 
	0.63970000000000005, 0.66159999999999997, 0.67630000000000001, 
	0.67630000000000001, 0.6885, 0.69579999999999997, 0.71779999999999999, 
	0.70309999999999995, 0.74470000000000003, 0.74709999999999999, 
	0.75439999999999996, 0.752, 0.78620000000000001, 0.77639999999999998, 
	0.78129999999999999, 0.76659999999999995, 0.80079999999999996, 
	0.79100000000000004, 0.80079999999999996, 0.81789999999999996, 
	0.81059999999999999, 0.84230000000000005, 0.83499999999999996, 
	0.84719999999999995, 0.82030000000000003, 0.80810000000000004, 
	0.76910000000000001, 0.75690000000000002, 0.72999999999999998, 
	0.73240000000000005, 0.71050000000000002, 0.71289999999999998, 
	0.71050000000000002, 0.72019999999999995, 0.69089999999999996, 
	0.68120000000000003, 0.68610000000000004, 0.65429999999999999, 
	0.64459999999999995, 0.63970000000000005, 0.62009999999999998, 
	0.61770000000000003, 0.59570000000000001, 0.59819999999999995, 
	0.62009999999999998, 0.59570000000000001, 0.625, 0.60060000000000002, 
	0.58840000000000003, 0.59570000000000001, 0.61040000000000005, 0.5786, 
	0.58350000000000002, 0.5615, 0.57130000000000003, 0.55669999999999997, 
	0.55179999999999996, 0.52739999999999998, 0.53469999999999995, 
	0.53710000000000002, 0.52490000000000003, 0.52739999999999998, 
	0.53710000000000002, 0.53220000000000001, 0.53959999999999997, 
	0.53959999999999997, 0.53469999999999995, 0.51519999999999999, 
	0.51029999999999998, 0.53710000000000002, 0.51759999999999995, 
	0.52000000000000002, 0.50290000000000001, 0.53710000000000002, 
	0.49320000000000003, 0.49559999999999998, 0.47849999999999998, 
	0.48830000000000001, 0.48099999999999998, 0.49070000000000003, 
	0.47610000000000002, 0.46629999999999999, 0.47849999999999998, 
	0.46879999999999999, 0.47849999999999998, 0.4859, 0.47120000000000001, 
	0.46389999999999998, 0.45900000000000002, 0.44190000000000002, 0.4541, 
	0.437, 0.46139999999999998, 0.44190000000000002, 0.45660000000000001, 
	0.44429999999999997, 0.44679999999999997, 0.44429999999999997, 0.4541, 
	0.4199, 0.45169999999999999, 0.41749999999999998, 0.43459999999999999, 
	0.42480000000000001, 0.43209999999999998, 0.40770000000000001, 
	0.43459999999999999, 0.40529999999999999, 0.42480000000000001, 0.4199, 
	0.41749999999999998, 0.41510000000000002, 0.4224, 0.40770000000000001, 
	0.40529999999999999, 0.3906, 0.41260000000000002, 0.40529999999999999, 
	0.39550000000000002, 0.40770000000000001, 0.38329999999999997, 0.3906, 
	0.38579999999999998, 0.36620000000000003, 0.38579999999999998, 
	0.38329999999999997, 0.36870000000000003, 0.38329999999999997, 
	0.37840000000000001, 0.38329999999999997, 0.38579999999999998, 
	0.37109999999999999, 0.36620000000000003, 0.38090000000000002, 0.376, 
	0.35649999999999998, 0.36870000000000003, 0.36380000000000001, 0.3589, 
	0.3735, 0.376, 0.34910000000000002, 0.36870000000000003, 
	0.41020000000000001, 0.3931, 0.36620000000000003, 0.39550000000000002, 
	0.3906, 0.36380000000000001, 0.39550000000000002, 0.39550000000000002, 
	0.40279999999999999, 0.4224, 0.41020000000000001, 0.42970000000000003, 
	0.45169999999999999, 0.44679999999999997, 0.44919999999999999, 
	0.44679999999999997, 0.45660000000000001, 0.44679999999999997, 
	0.46139999999999998, 0.49559999999999998, 0.50049999999999994, 
	0.49070000000000003, 0.50049999999999994, 0.49809999999999999, 
	0.50539999999999996, 0.53959999999999997, 0.53710000000000002, 
	0.51519999999999999, 0.51759999999999995, 0.51270000000000004, 
	0.53710000000000002, 0.52739999999999998, 0.52000000000000002, 
	0.50780000000000003, 0.51759999999999995, 0.48099999999999998, 
	0.51519999999999999, 0.52490000000000003, 0.51029999999999998, 
	0.52490000000000003, 0.51029999999999998, 0.51270000000000004, 
	0.51029999999999998, 0.49559999999999998, 0.52000000000000002, 
	0.49809999999999999, 0.51029999999999998, 0.50539999999999996, 
	0.50290000000000001, 0.49320000000000003, 0.52000000000000002, 
	0.51029999999999998, 0.49559999999999998, 0.51029999999999998, 
	0.50290000000000001, 0.51270000000000004, 0.50049999999999994, 
	0.49320000000000003, 0.50049999999999994, 0.4859, 0.49070000000000003, 
	0.49559999999999998, 0.47610000000000002, 0.48099999999999998, 
	0.47610000000000002, 0.4859, 0.46389999999999998, 0.4834, 
	0.47849999999999998, 0.46389999999999998, 0.4541, 0.44679999999999997, 
	0.45660000000000001, 0.46389999999999998, 0.46389999999999998, 
	0.45660000000000001, 0.4541, 0.44190000000000002, 0.4395, 0.437, 0.4541,
	0.46879999999999999, 0.44429999999999997, 0.45660000000000001, 0.437, 
	0.4541, 0.42480000000000001, 0.44429999999999997, 0.45660000000000001, 
	0.44919999999999999, 0.44919999999999999, 0.45660000000000001, 
	0.44429999999999997, 0.45900000000000002, 0.46629999999999999, 
	0.46139999999999998, 0.45169999999999999, 0.48830000000000001, 
	0.47849999999999998, 0.46879999999999999, 0.47360000000000002, 
